_C_6802_59f8fac0_1 84 0 7 0 0 60 
_C_7774_59f90967_9 8c 0 a8 0 0 28256229 0 2d3e2044 0 25622920 0 20656e28 0 28256229 0 49 
_C_7774_59f90967_7 84 0 7 0 0 78 
_C_7774_59f90967_8 8c 0 f0 0 0 28256829 0 2d3e2059 0 25682920 0 20493028 0 28256829 0 29204931 0 6c282562 0 5365 
_C_7774_59f90967_a 8c 0 f8 0 0 28256229 0 2d3e2051 0 25622920 0 20656e28 0 28256229 0 6c656172 0 62292063 0 442825 
_C_7774_59f90967_c 8c 0 178 0 0 3d202562 0 65656e20 0 62657477 0 2069735f 0 2025642c 0 7461203d 0 2064656c 0 2025642c 0 6f77203d 0 642c206c 0 203d2025 0 76616c 
_C_7774_59f90967_6 8c 0 c0 0 0 28256229 0 2d3e2059 0 6229202d 0 656c2825 0 292c2053 0 49282562 
_C_7774_59f90967_2 84 0 8 0 0 f8 
_C_7774_59f90967_b 84 0 8 0 0 f0 
_C_7774_59f90967_1 84 0 3 0 0 0 
_C_7774_59f90967_3 8c 0 140 0 0 28256229 0 41677442 0 25622920 0 65714228 0 62292041 0 74422825 0 3e20416c 0 62202d3e 0 20423a25 0 413a2562 
_C_7774_59f90967_d 8c 0 170 0 0 3d202562 0 65656e20 0 62657477 0 2069735f 0 2025642c 0 6768203d 0 2c206869 0 3d202564 0 6c6f7720 0 25642c20 0 6c203d20 0 7661 
_C_6802_59f8fac0_3 8c 0 c0 0 0 3d202564 0 6c756520 0 64207661 0 203d2025 0 616c7565 0 6d617856 
_C_7774_59f90967_5 84 0 6 0 0 38 
_C_7774_59f90967_4 8c 0 108 0 0 533a2562 0 3a256220 0 436f7574 0 2d3e3e20 0 3a256220 0 25622042 0 6220413a 0 696e3a25 0 43 
